0.10 163.08 2.640930e+07
0.11 153.92 3.862128e+07
0.13 145.63 5.647374e+07
0.15 138.27 8.256616e+07
0.17 131.92 1.206910e+08
0.19 126.70 1.763766e+08
0.21 122.77 2.576736e+08
0.24 120.30 3.762899e+08
0.28 119.51 5.492226e+08
0.31 120.63 8.010931e+08
0.36 123.86 1.167465e+09
0.40 129.39 1.699518e+09
0.46 137.36 2.470558e+09
0.52 147.86 3.584941e+09
0.59 160.97 5.190065e+09
0.67 176.71 7.492039e+09
0.76 195.09 1.077536e+10
0.86 216.07 1.542627e+10
0.98 239.58 2.195823e+10
1.11 265.47 3.103583e+10
1.26 293.48 4.349112e+10
1.43 323.25 6.032442e+10
1.63 354.27 8.268328e+10
1.85 385.97 1.118217e+11
2.10 417.75 1.490598e+11
2.38 449.10 1.957815e+11
2.70 479.73 2.534978e+11
3.07 509.55 3.239254e+11
3.49 538.51 4.088896e+11
3.96 566.24 5.098237e+11
4.49 591.76 6.269285e+11
5.10 613.58 7.586233e+11
5.79 630.28 9.021074e+11
6.57 641.21 1.055134e+12
7.46 646.95 1.217918e+12
8.47 649.16 1.393525e+12
9.61 649.79 1.585970e+12
10.91 650.01 1.797397e+12
12.39 649.87 2.026935e+12
14.07 648.76 2.272099e+12
15.97 645.99 2.530738e+12
18.13 641.05 2.801467e+12
20.58 633.50 3.082875e+12
23.36 623.22 3.372980e+12
26.52 610.60 3.668884e+12
30.11 596.40 3.965051e+12
34.18 581.00 4.250364e+12
38.80 563.85 4.507355e+12
44.04 543.71 4.716804e+12
50.00 519.68 4.866115e+12
