0.10 182.45 3.592044e+07
0.11 172.58 5.240257e+07
0.13 163.78 7.638572e+07
0.15 156.15 1.112300e+08
0.17 149.80 1.617547e+08
0.19 144.88 2.348331e+08
0.21 141.58 3.401970e+08
0.24 140.09 4.915005e+08
0.28 140.58 7.076778e+08
0.31 143.19 1.014604e+09
0.36 147.98 1.447005e+09
0.40 154.94 2.050463e+09
0.46 163.93 2.883297e+09
0.52 174.76 4.018074e+09
0.59 187.14 5.542856e+09
0.67 200.77 7.563207e+09
0.76 215.40 1.020776e+10
0.86 230.88 1.364205e+10
0.98 247.26 1.809544e+10
1.11 264.81 2.389969e+10
1.26 283.90 3.152473e+10
1.43 304.82 4.158382e+10
1.63 327.49 5.478560e+10
1.85 351.41 7.183884e+10
2.10 375.74 9.334067e+10
2.38 399.43 1.196765e+11
2.70 421.48 1.509559e+11
3.07 441.01 1.870194e+11
3.49 457.40 2.275298e+11
3.96 470.28 2.720898e+11
4.49 479.47 3.202846e+11
5.10 484.97 3.716161e+11
5.79 486.93 4.254217e+11
6.57 485.69 4.809480e+11
7.46 481.83 5.377349e+11
8.47 476.21 5.962357e+11
9.61 469.87 6.580304e+11
10.91 463.61 7.249068e+11
12.39 457.47 7.972330e+11
14.07 450.68 8.730847e+11
15.97 442.15 9.488375e+11
18.13 431.01 1.020419e+12
20.58 416.98 1.084155e+12
23.36 400.31 1.136971e+12
26.52 381.54 1.176568e+12
30.11 361.36 1.202220e+12
34.18 340.55 1.215747e+12
38.80 319.92 1.221161e+12
44.04 300.11 1.222677e+12
50.00 281.44 1.222946e+12
