0.10 173.35 5.281458e+07
0.11 164.47 7.713510e+07
0.13 156.75 1.125996e+08
0.15 150.32 1.642660e+08
0.17 145.36 2.394459e+08
0.19 142.05 3.486723e+08
0.21 140.64 5.070527e+08
0.24 141.34 7.361334e+08
0.28 144.39 1.066424e+09
0.31 149.96 1.540728e+09
0.36 158.14 2.218404e+09
0.40 168.98 3.180561e+09
0.46 182.42 4.535992e+09
0.52 198.36 6.427319e+09
0.59 216.58 9.036331e+09
0.67 236.83 1.258714e+10
0.76 258.72 1.734562e+10
0.86 281.80 2.361423e+10
0.98 305.53 3.172254e+10
1.11 329.32 4.201422e+10
1.26 352.59 5.482864e+10
1.43 374.77 7.046969e+10
1.63 395.30 8.915513e+10
1.85 413.67 1.109648e+11
2.10 429.46 1.358521e+11
2.38 442.51 1.637849e+11
2.70 453.10 1.949596e+11
3.07 461.81 2.298543e+11
3.49 469.03 2.689039e+11
3.96 474.59 3.119482e+11
4.49 477.74 3.579713e+11
5.10 477.73 4.054525e+11
5.79 474.24 4.529896e+11
6.57 467.54 4.995213e+11
7.46 458.10 5.439026e+11
8.47 446.19 5.844187e+11
9.61 431.95 6.191357e+11
10.91 415.70 6.470340e+11
12.39 398.07 6.686787e+11
14.07 379.76 6.855506e+11
15.97 361.09 6.987721e+11
18.13 342.04 7.086307e+11
20.58 322.55 7.151472e+11
23.36 302.88 7.187414e+11
26.52 283.59 7.203033e+11
30.11 265.26 7.208037e+11
34.18 248.19 7.209125e+11
38.80 232.39 7.209270e+11
44.04 217.74 7.209280e+11
50.00 204.10 7.209280e+11
