0.10 202.30 6.566083e+07
0.11 192.52 9.580067e+07
0.13 184.25 1.396664e+08
0.15 177.67 2.034136e+08
0.17 173.01 2.958760e+08
0.19 170.52 4.296585e+08
0.21 170.46 6.226170e+08
0.24 173.06 8.998056e+08
0.28 178.51 1.295945e+09
0.31 186.88 1.858377e+09
0.36 198.16 2.650291e+09
0.40 212.19 3.753682e+09
0.46 228.69 5.271005e+09
0.52 247.23 7.323932e+09
0.59 267.26 1.004716e+10
0.67 288.07 1.357581e+10
0.76 308.83 1.802727e+10
0.86 328.72 2.348426e+10
0.98 347.00 2.999293e+10
1.11 363.29 3.759330e+10
1.26 377.66 4.638555e+10
1.43 390.62 5.659725e+10
1.63 402.77 6.857801e+10
1.85 414.38 8.267130e+10
2.10 425.05 9.903029e+10
2.38 434.06 1.175530e+11
2.70 440.87 1.380599e+11
3.07 445.64 1.606548e+11
3.49 449.29 1.860464e+11
3.96 453.08 2.155556e+11
4.49 457.94 2.507136e+11
5.10 464.07 2.927641e+11
5.79 471.12 3.425812e+11
6.57 478.78 4.011570e+11
7.46 487.13 4.703047e+11
8.47 496.53 5.530331e+11
9.61 507.30 6.531512e+11
10.91 519.29 7.741178e+11
12.39 531.78 9.177865e+11
14.07 543.72 1.083817e+12
15.97 553.91 1.270104e+12
18.13 561.44 1.474297e+12
20.58 565.96 1.695976e+12
23.36 567.89 1.937879e+12
26.52 568.13 2.203876e+12
30.11 567.16 2.493285e+12
34.18 564.37 2.794847e+12
38.80 558.10 3.085419e+12
44.04 546.52 3.335985e+12
50.00 528.63 3.523011e+12
