#clust	radkpc	total	thn_bnk	thk_bnk	thn_blu	thk_blu	green	red
N533	20	8.31e11	6.85e11	6e11	NA	NA	NA	NA
N533	22	9.8e11	7.8e11	6.6e11	1.9e11	8e10	NA	NA
N533	25	1.11e12	8.82e11	7.68e11	2.8e11	1.7e11	NA	NA
N533	30	1.4e12	1.07e12	9.05e11	4.8e11	3.05e11	NA	NA
N533	40	2.0e12	1.38e12	1.15e12	8.0e11	6e11	NA	NA
N533	50	2.7e12	1.76e12	1.4e12	1.05e12	8e11	NA	NA
N533	60	3.27e12	2e12	1.6e12	1.2e12	9.8e11	NA	NA
N533	70	3.94e12	2.25e12	1.8e12	1.35e12	1.05e12	1.08e11	NA
N533	80	4.52e12	2.5e12	2.01e12	1.48e12	1.09e12	1.85e11	NA
N533	90	5.05e12	2.74e12	2.11e12	1.51e12	1.1e12	2.65e11	NA
N533	100	5.98e12	2.9e12	2.22e12	1.51e12	1.1e12	3.4e11	1.02e11
N533	150	9e12	3.1e12	2.57e12	1.51e12	1.1e12	4.8e11	2.4e11
N533	200	1.15e13	3.1e12	2.6e12	1.51e12	1.1e12	4.8e11	4.5e11
N533	250	1.3e13	3.1e12	2.6e12	1.51e12	1.1e12	4.8e11	6.5e11
N533	400	NA	NA	NA	NA	NA	NA	NA
#clust	radkpc	total	thn_bnk	thk_bnk	thn_blu	thk_blu	green	red
N5044	10	NA	NA	NA	NA	NA	NA	NA
N5044	20	5.9e11	4.15e11	3.5e11	1.18e11	NA	NA	NA
N5044	22	7.1e11	5.0e11	4.01e11	2.25e11	1.35e11	NA	NA
N5044	25	8.95e11	6e11	5.01e11	3.67e11	2.42e11	NA	NA
N5044	30	1.15e12	8.05e11	6.8e11	5.15e11	3.79e11	NA	NA
N5044	40	1.71e12	1.15e12	0.95e12	8.8e11	6.8e11	NA	NA
N5044	50	2.27e12	1.49e12	1.2e12	1.24e12	9e11	NA	NA
N5044	60	3.0e12	1.95e12	1.51e12	1.54e12	1.1e12	NA	NA
N5044	70	3.7e12	2.25e12	1.78e12	1.82e12	1.31e12	8.5e10	NA
N5044	80	4.4e12	2.55e12	2.08e12	2.05e12	1.49e12	1.27e11	1.1e11
N5044	90	5.15e12	2.8e12	2.29e12	2.12e12	1.60e12	2e11	1.33e11
N5044	100	6.0e12	3.05e12	2.5e12	2.2e12	1.70e12	3e11	1.61e11
N5044	150	0.95e13	4.0e12	3.22e12	2.24e12	1.80e12	7.9e11	3.65e11
N5044	200	1.2e13	4.25e12	3.73e12	2.24e12	1.80e12	8.1e11	5.926e11
N5044	300	1.9e13	4.36e12	3.8e12	2.24e12	1.80e12	8.1e11	1.02e12
N5044	400	NA	NA	NA	NA	NA	NA	NA
#clust	radkpc	total	thn_bnk	thk_bnk	thn_blu	thk_blu	green	red
A2717	20	5.28e11	3.7e11	3.05e11	NA	NA	NA	NA
A2717	22	6.5e11	4.6e11	3.75e11	NA	NA	NA	NA
A2717	25	8.1e11	6.1e11	4.7e11	1e11	NA	NA	NA
A2717	30	1.1e12	7.81e11	6.08e11	2.2e11	1e11	NA	NA
A2717	40	1.8e12	1.24e12	1.0e12	6e11	3.5e11	NA	NA
A2717	50	2.6e12	1.8e12	1.45e12	1.05e12	7.5e11	1e11	NA
A2717	60	3.75e12	2.4e12	2.0e12	1.6e12	1.1e12	2e11	1.1e11
A2717	70	4.9e12	3.3e12	2.6e12	2.1e12	1.55e12	3.1e11	1.6e11
A2717	80	6e12	4e12	3.2e12	2.8e12	2e12	4.9e11	2.1e11
A2717	90	7.3e12	4.8e12	3.9e12	3.1e12	2.3e12	6.8e11	2.8e11
A2717	100	8.45e12	5.4e12	4.4e12	3.8e12	2.45e12	1e12	3.3e11
A2717	150	1.6e13	1.0e13	0.8e13	5e12	3.2e12	3.2e12	8.2e11
A2717	200	2.3e13	1.3e13	1.1e13	5e12	3.2e12	5.9e12	1.35e12
A2717	300	4e13	1.75e13	1.45e13	5e12	3.2e12	8.3e12	2.85e12
A2717	400	5.8e13	2.05e13	1.75e13	5e12	3.2e12	1e13	4.90e12
A2717	500	7.5e13	2.25e13	1.95e13	5e12	3.2e12	1e13	6.75e12
A2717	600	9e13	2.35e13	2.0e13	5e12	3.2e12	1e13	8.69e12
A2717	700	1.02e14	2.35e13	2.0e13	5e12	3.2e12	1e13	1.02e13
A2717	800	NA	NA	NA	NA	NA	NA	NA
#clust	radkpc	total	thn_bnk	thk_bnk	thn_blu	thk_blu	green	red
A2029	20	1.52e12	1.49e12	1.2e12	NA	NA	NA	NA
A2029	22	1.8e12	1.75e12	1.4e12	NA	NA	NA	NA
A2029	25	2.3e12	2.2e12	1.8e12	NA	NA	NA	NA
A2029	30	3e12	2.9e12	2.3e12	NA	NA	NA	NA
A2029	40	5.1e12	5.0e12	4.0e12	2.1e12	1.2e12	NA	NA
A2029	50	8.5e12	8.2e12	6.5e12	4.1e12	3e12	9e11	NA
A2029	60	1.15e13	1.1e13	8.9e12	6.4e12	4.8e12	1.6e12	NA
A2029	70	1.6e13	1.5e13	1.2e13	9e12	7e12	2.6e12	1.1e12
A2029	80	2.1e13	2e13	1.6e13	1.1e13	8.4e12	3.8e12	1.45e12
A2029	90	2.6e13	2.5e13	2e13	1.3e13	1e13	5.15e12	1.8e12
A2029	100	3.0e13	2.8e13	2.3e13	1.7e13	1.1e13	8e12	2.3e12
A2029	150	6.0e13	5.8e13	4.3e13	2.35e13	1.3e13	2.4e13	5.05e12
A2029	200	8.9e13	8.4e13	6.5e13	2.35e13	1.3e13	4e13	8.8e12
A2029	300	1.48e14	1.38e14	1.02e14	2.35e13	1.3e13	7.2e13	1.65e13
A2029	400	2.15e14	2.03e14	1.35e14	2.35e13	1.3e13	1.02e14	2.6e13
A2029	500	3.1e14	2.65e14	1.8e14	2.35e13	1.3e13	1.28e14	3.55e13
A2029	600	4.0e14	3.1e14	2.2e14	2.35e13	1.3e13	1.56e14	4.7e13
A2029	700	4.7e14	3.65e14	2.5e14	2.35e13	1.3e13	1.8e14	5.9e13
A2029	800	5.4e14	4e14	2.85e14	2.35e13	1.3e13	2e14	7e13
A2029	900	6.1e14	4.2e14	3.1e14	2.35e13	1.3e13	2.1e14	8.2e13
A2029	1000	6.9e14	4.3e14	3.15e14	2.35e13	1.3e13	2.12e14	9.5e13
A2029	1100	NA	NA	NA	NA	NA	NA	NA
