0.10 156.36 9.720975e+07
0.11 149.68 1.417509e+08
0.13 144.38 2.065071e+08
0.15 140.65 3.004859e+08
0.17 138.70 4.365648e+08
0.19 138.75 6.330342e+08
0.21 140.99 9.156543e+08
0.24 145.57 1.320319e+09
0.28 152.59 1.896365e+09
0.31 162.04 2.710450e+09
0.36 173.82 3.850729e+09
0.40 187.78 5.430776e+09
0.46 203.66 7.592492e+09
0.52 221.14 1.050733e+10
0.59 239.84 1.437621e+10
0.67 259.39 1.943079e+10
0.76 279.46 2.594242e+10
0.86 299.87 3.424677e+10
0.98 320.62 4.478495e+10
1.11 341.84 5.814118e+10
1.26 363.60 7.502913e+10
1.43 385.66 9.618020e+10
1.63 407.33 1.221484e+11
1.85 427.62 1.531357e+11
2.10 445.53 1.889665e+11
2.38 460.44 2.292680e+11
2.70 472.27 2.737833e+11
3.07 481.32 3.225971e+11
3.49 487.99 3.760245e+11
3.96 492.39 4.342403e+11
4.49 494.44 4.971424e+11
5.10 494.19 5.647241e+11
5.79 492.05 6.373632e+11
6.57 488.47 7.152663e+11
7.46 483.60 7.974096e+11
8.47 477.20 8.813146e+11
9.61 469.00 9.643544e+11
10.91 459.09 1.045616e+12
12.39 447.88 1.126723e+12
14.07 435.90 1.211180e+12
15.97 423.77 1.303252e+12
18.13 412.37 1.407340e+12
20.58 402.69 1.527336e+12
23.36 395.40 1.665179e+12
26.52 390.41 1.819242e+12
30.11 386.74 1.983638e+12
34.18 382.87 2.148689e+12
38.80 377.07 2.302309e+12
44.04 367.86 2.432350e+12
50.00 354.37 2.529936e+12
